1 36273U 99025DXA 26158.91678366  .00000404  00000-0  21746-3 0  9995
2 36273  99.5841  47.1649 0095651 213.9751 145.5272 14.16774418687420
1 40999U 99025EXD 26158.92824484  .00000979  00000-0  62788-3 0  9998
2 40999  99.1086 229.9769 0058922 125.0149 235.6567 14.04854738840480
1 T0275U          26159.13926074  .00002599  00000-0  13679-2 0  9992
2 T0275  86.4326 316.2415 0292209  17.4116 343.6823 13.94110357 42178
1 61160U 24140RE  26159.58045236  .00005112  00000-0  20518-2 0  9998
2 61160  88.9779 273.6088 0053615 229.8414 129.8079 14.27318434 93238
1 29185U 68002J   26159.73564111  .00000858  00000-0  19583-2 0  9991
2 29185 105.7882 357.5915 0254260 317.2002  40.9542 13.20660240466001
1 T0341U          26159.80314523  .00000104  00000-0  30558-3 0  9996
2 T0341  83.2448 198.4259 0915842  52.9300 315.1996 12.02246508211115
1 T0258U          26159.83577041  .00001321  00000-0  10141-1 0  9998
2 T0258  82.4387 204.5979 0168380 355.7436   4.2197 12.33886020282068
1 35236U 99025DQU 26160.09539039  .00002011  00000-0  55043-3 0  9991
2 35236  98.8210  99.2426 0085122  17.3665 343.0406 14.46255767  1386
1 39948U 81053NJ  26160.10212861  .00000503  00000-0  60482-3 0  9997
2 39948  83.0617 292.9004 0190247  59.9673 115.4838 13.57501891593083
1 27568U 80034E   26160.23749637  .00000476  00000-0  30034-3 0  9999
2 27568  64.8171 143.3888 0052517 244.5536 115.0098 14.13432845 98366
1 32438U 99025DBA 26160.33127825  .00099210  00000-0  45019-2 0  9993
2 32438  99.3920 196.6709 0004612 312.6970  47.3870 15.20359252991713
1 31774U 99025CFZ 26160.38865030  .00002264  00000-0  10365-2 0  9996
2 31774  98.7514 207.9473 0059365  59.3165 301.3844 14.21448999655423
1 85419U          26160.52257608  .00075903  00000-0  10755-2 0  9991
2 85419  55.0017 340.4318 0008125 260.8072  99.2045 15.55832235    10
1 85418U          26160.52259113  .00047909  00000-0  68705-3 0  9997
2 85418  54.9942 340.4332 0008111 255.4183 104.5953 15.55700982    19
1 36644U 99025DXN 26160.54697231  .00000646  00000-0  69988-3 0  9999
2 36644  98.4392 279.4991 0285543  70.7143 292.4649 13.59670574639977
1 36719U 99025EAR 26160.67318367  .00002127  00000-0  72268-3 0  9997
2 36719  98.5434 305.9832 0079743 298.3380  60.9779 14.35875172669185
1 31240U 99025BLW 26161.29744655  .00000779  00000-0  46351-3 0  9998
2 31240  98.7506 165.7951 0044159 227.2716 147.0942 14.09806928246276
1 29010U 65089H   26161.38517686  .00000458  00000-0  30818-2 0  9999
2 29010  59.2645 104.9923 0654306 177.5960 284.7816 12.09421235524165
1 28989U 88005D   26161.42849732  .00002132  00000-0  10963-2 0  9991
2 28989  82.5263 217.5266 0031218  74.8775 285.5852 14.14634388659878
1 40500U 95015CP  26161.54297974  .00394388  00000-0  11354-1 0  9992
2 40500  98.7715 265.3948 0014849 247.6671 112.2994 15.34026593585750
1 26512U 81021P   26161.65980611  .00000158  00000-0  18899-3 0  9992
2 26512  64.9650 307.6210 0062891 245.7458 130.6444 13.92805086652678
1 T0183U          26161.80472744 -.00000613  00000-0 -20148-2 0  9993
2 T0183  90.2416 359.5193 0035182 262.1627  97.5501 13.01465084309489
1 T0208U          26161.91041855  .00000717  00000-0  11727-2 0  9994
2 T0208  90.1956 237.6230 0137157 250.4255 108.2040 13.43323039 58023
1 28555U 79095D   26161.94186607  .00213388  00000-0  69462-2 0  9996
2 28555  81.1454 245.9727 0007712 278.1569  81.8792 15.30931556246893
1 29062U 68055V   26161.94610896  .00008006  00000-0  45610-2 0  9994
2 29062 120.5879 155.9791 1262155 150.0340 217.9297 12.23523450588202
1 31159U 99025BHM 26162.20570037  .00340892  42076-4  14615-2 0  9993
2 31159  97.8027 143.4430 0041131  82.2243 278.3692 15.83701778 23395
1 42572U 73086HL  26162.25585173 -.00000014  00000-0  11642-3 0  9990
2 42572 101.8773 176.4751 0574327 324.3707  32.0270 12.54308472938509
1 46971U 97051ACD 26162.49650385  .00039423  00000-0  23538-2 0  9990
2 46971  86.3141 246.9992 0002667  51.4984 324.3215 15.10943599669484
1 T0071U          26162.63015800 -.00000050  00000-0 -21488-3 0  9991
2 T0071  64.8002 294.2520 0151129  29.5436 331.3923 11.27811808269459
1 40463U 95015BF  26163.38922337  .00351394  00000-0  87483-2 0  9999
2 40463  98.6029 313.6243 0016827 283.6085  76.3282 15.38722224592494
1 37865U 82102D   26163.51273539  .00000061  00000-0  46297-4 0  9994
2 37865  82.9691 259.8156 0036018  68.0710 292.4269 13.76081352585202
1 42578U 73086HS  26163.59480195  .00007151  00000-0  80353-1 0  9993
2 42578 100.6922  49.5576 0850490  61.5884 306.8184 11.38757156 80745
1 32364U 99025CZH 26163.76632014  .00002857  00000-0  13570-2 0  9990
2 32364  98.3137 355.4385 0130245  17.8854 342.6843 14.15821897662833
1 31898U 99025CKZ 26163.93457820  .00006800  00000-0  96487-3 0  9991
2 31898  98.6875  45.6139 0140158  11.0661 349.3572 14.70759745683881
1 42591U 74089BV  26164.01625676 -.00000001  00000-0  33576-3 0  9990
2 42591 101.8267 273.5702 0115284 247.9661 110.9121 12.34045364813784
1 T0205U          26164.02463826  .00001029  00000-0  99523-2 0  9999
2 T0205  47.2268  76.8676 0086983  88.1899 272.8852 12.25341832 53536
1 39819U 87020ET  26164.05644286  .00000056  00000-0  52570-3 0  9994
2 39819  73.6747  84.6516 0026158  89.7146 270.6896 12.43292455546441
1 43421U 14080K   26164.19501883 -.00000032  00000-0  64710-4 0  9999
2 43421  63.3873 340.4081 0377242  11.2088 349.7053 13.44786177488640
1 40244U 94029AGL 26164.27577100  .00282577  00000-0  38614-2 0  9991
2 40244  81.8751   4.5175 0026499  88.8302 271.5986 15.56099773900242
1 82965U          26164.46876487 +.00000744 +00000+0 +10545-2 0  9990
2 82965 100.1087 254.8887 0001953 116.2487 243.8852 13.60395661549299
1 46441U 99025EYW 26164.50421421  .00009333  00000-0  54206-2 0  9999
2 46441  95.2572  90.6006 0305878 291.1372  65.7358 13.87895503311972
1 29186U 68002K   26164.70817427  .00000023  00000-0  29727-3 0  9992
2 29186 105.8120 346.3448 0308482 164.7046 264.9663 12.93068743  3697
1 42215U 81053UF  26164.77527401  .00000893  00000-0  81802-3 0  9995
2 42215  82.8961 336.5757 0107319  67.5366 293.7115 13.79370073630197
1 37656U 78026JT  26164.80103264  .00000242  00000-0  15796-3 0  9992
2 37656  99.1518 166.3042 0019462  38.1017 322.1526 14.11778317191468
1 T0383U          26164.86155675  .00003068  00000-0  28191-1 0  9995
2 T0383  82.4447 222.9295 0127296 248.2606 110.4872 12.21792471148058
1 42457U 84072T   26164.88331902  .00002070  00000-0  15387-2 0  9991
2 42457  82.5291  28.1884 0021450  70.0480 290.2994 13.94480558480209
1 39864U 92093LS  26165.28773641  .00001044  00000-0  50702-3 0  9997
2 39864  71.1527 144.2260 0110349 237.0447 122.0031 14.17416963618713
1 29208U 87080L   26165.92209627  .00011989  00000-0  42907-2 0  9993
2 29208  90.2526  46.2585 0040434 115.1792 245.3608 14.33505406 63129
1 42086U 68114N   26166.03316178  .00000982  00000-0  11550-1 0  9992
2 42086 102.1378  88.6881 0345447  93.8963 270.1633 11.93513078212834
1 39320U 94029AFF 26166.10297606  .00002604  00000-0  60484-3 0  9990
2 39320  81.7570  95.4455 0280626  12.9292 347.8894 14.33250945726967
1 37429U 99025EGX 26166.17959360  .00000552  00000-0  32085-3 0  9994
2 37429  98.6539 154.2674 0102847 194.5389 165.2818 14.09920902656854
1 T0155U          26166.32954321  .00000469  00000-0  31285-2 0  9991
2 T0155 101.9163  30.9915 0075757  60.0765 300.7804 12.55093492299918
1 57759U 14028BR  26166.37953489  .00002364  00000-0  60786-2 0  9991
2 57759  82.3459 198.9977 0228137 229.7515 128.3454 13.08713187 69146
1 40642U 66040BF  26166.47572572  .00004826  00000-0  64261-2 0  9993
2 40642 100.3197  80.3708 0040801  55.6349 304.8638 13.60654876545192
1 39812U 87020EL  26166.61566554  .00000013  00000-0  22754-3 0  9996
2 39812  73.6198 132.6633 0040167 278.6297  81.0197 12.39689535  5116
1 28800U 65063K   26166.69379778  .00000816  00000-0  43454-2 0  9992
2 28800  69.2022 136.5846 0741089 131.3657  37.1233 12.05243380952507
1 35108U 99025DKL 26166.69806327  .00000429  00000-0  26107-3 0  9998
2 35108  98.8067 162.5578 0132403 260.8011  97.8161 14.07136700918393
1 T0216U          26166.81952221  .00000743  00000-0  22307-2 0  9990
2 T0216  90.3178  17.1005 0032977 117.6545 242.7934 13.06181525308396
1 T0194U          26166.90422840  .00001352  00000-0  23020-2 0  9994
2 T0194 100.4422  49.2610 0057105   3.3500 356.8002 13.46524971321169
1 87129U          26166.98094239 +.00000102 +00000+0 +10644-2 0  9991
2 87129 102.2610 265.1295 0035317 106.8466 253.6476 12.42899100569684
1 39056U 81053MU  26167.01825509  .00000653  00000-0  73233-3 0  9997
2 39056  82.9467 264.3424 0124921  91.2296 270.3170 13.66212441 79482
1 29009U 65063P   26167.17149056 -.00000946  00000-0 -47749-2 0  9999
2 29009  69.2136 117.3166 0809687 297.5937  72.8925 11.93870896 20113
1 35180U 99025DNL 26167.20727525  .00003422  00000-0  14508-2 0  9995
2 35180  99.7530 337.5265 0486218 255.5698  99.1040 13.77289952 25858
1 43320U 86094C   26167.26998390  .00000046  00000-0  26418-3 0  9991
2 43320  82.6149   6.6436 0004626  57.4319 302.7207 12.42187293488657
1 36207U 99025DUG 26167.45836416  .00002653  00000-0  15677-2 0  9996
2 36207  98.5960  46.8698 0139276 159.7088 200.9691 14.03826918625703
1 69103U 26107A   26167.47994787  .00006936  00000-0  13276-3 0  9998
2 69103  51.6336 303.5935 0004796 192.9278 167.1588 15.49257994571674
1 38284U 88005AM  26167.56195738  .00001499  00000-0  92075-3 0  9991
2 38284  82.5446 261.2622 0021123 153.4630 206.7628 14.04979501593657
1 87878U          26167.66199532 +.00001973 +00000+0 +61098-3 0  9997
2 87878  99.1747 305.5568 0035771  80.8248 279.6983 14.42060855638086
1 42105U 81053PR  26167.88774311  .00000985  00000-0  11160-2 0  9993
2 42105  82.9765  33.6671 0178373  43.4999 334.4245 13.62813393264831
1 47235U 20094B   26168.23651533  .00002046  00000-0  14016-3 0  9994
2 47235  28.9978  15.0776 0010587 333.3126  26.6927 15.02194018301731
1 47234U 20094A   26168.28213975  .00001679  00000-0  11743-3 0  9997
2 47234  28.9954  25.3931 0010614 318.1471  41.8315 15.00786144301708
1 54817U 22163D   26168.59719526 -.00000064  00000-0  79126-5 0  9997
2 54817  67.1394 102.5189 0002956  88.3599 271.7825 13.97477984177542
1 58652U 23206C   26168.61686718  .00001145  00000-0  10098-3 0  9997
2 58652  97.4058 136.3426 0002551  71.8845 288.2656 14.98238781135368
1 58651U 23206B   26168.61785512  .00001138  00000-0  10041-3 0  9998
2 58651  97.4070 136.4161 0004048  99.8565 260.3115 14.98217470135374
1 58650U 23206A   26168.61922103  .00001252  00000-0  10997-3 0  9993
2 58650  97.4068 136.3876 0003448 148.7532 211.3897 14.98238962135375
1 38172U 99025ERV 26169.08635017  .00000476  00000-0  59660-3 0  9996
2 38172 100.4271 275.8013 0279171 229.9272 127.7080 13.54922710642094
1 49940U 14028X   26169.43794364  .00005254  00000-0  12828-1 0  9993
2 49940  82.4801 222.8347 0307773 223.9199 133.7081 13.05505606219175
1 38159U 99025ERG 26169.45172391  .00000555  00000-0  37693-3 0  9993
2 38159  99.3011  70.5118 0055766 182.4299 177.6604 14.03732470857458
1 57549U 13076AL  26169.54120847  .00003667  00000-0  16058-1 0  9995
2 57549  82.4489  94.0493 0187287  78.4311 283.7746 12.74801767144237
1 42081U 68114H   26169.61138804  .00000063  00000-0  85462-3 0  9997
2 42081 101.7001 116.2546 0117377 345.3383  14.4285 12.31812414502948
1 29190U 68002P   26169.65778812  .00001231  00000-0  25160-2 0  9998
2 29190 105.8457  91.2445 0279835  38.4622 323.6061 13.23560005228319
1 35764U 93036ARJ 26169.73560983  .00006107  00000-0  81071-3 0  9995
2 35764  74.0248 333.6412 0024742  48.3308 311.9981 14.79801246688263
1 39822U 87020EW  26169.81228954  .00000218  00000-0  19185-2 0  9991
2 39822  73.9716 213.1528 0128099 158.6531 201.9921 12.30456901981293
1 29278U 68066M   26169.86833442  .00005098  00000-0  28819-2 0  9998
2 29278  80.5772  34.0810 0673872  87.8972 279.9118 13.32188831539663
1 T0348U          26169.91621838  .00009568  00000-0  19868-1 0  9998
2 T0348  82.6042 233.4191 0292043 179.2745 180.8864 13.17265233112728
1 85237U          26170.15166639 +.00002753 +00000+0 +54421-3 0  9993
2 85237  65.5313  79.4078 0519700 302.4422  52.7394 14.03095598634764
1 26791U 92019D   26170.20775526  .01024233  24605-6  31747-3 0  9999
2 26791  34.5424 225.5146 0403673 309.0541  47.4901 15.46433387745228
1 87998U          26170.26877685 +.00000553 +00000+0 +32344-3 0  9997
2 87998  98.5971 173.2165 0027963  68.4175 291.9973 14.12048728575504
1 33701U 99025DGN 26170.29927883  .00002053  00000-0  12397-2 0  9997
2 33701  98.6719 120.7585 0134613  19.9504 340.6857 14.03235801931496
1 41005U 99025EXK 26170.32568187  .00001010  00000-0  58224-3 0  9997
2 41005  98.9378 195.8922 0568169 330.7315  26.3066 13.51446660549275
1 38163U 99025ERL 26170.33699532  .00001009  00000-0  62147-3 0  9995
2 38163  99.1079 213.1630 0077143  79.0212 281.9622 14.06382804271924
1 T0026U          26170.61228253  .00000079  00000-0  13793-2 0  9994
2 T0026 103.3499 291.0817 0379965   5.6376 354.8763 11.92297775285352
1 T0088U          26170.63150547  .00000059  00000-0  65081-3 0  9990
2 T0088  74.0282 302.8059 0133311 246.5642 112.1332 12.25979173293743
1 64978U 77121CP  26170.89170199  .00001191  00000-0  85260-3 0  9998
2 64978  65.6456 344.3842 0092057 275.4542  83.6036 13.98942449617326
1 35159U 99025DMP 26171.19926698  .00004060  00000-0  11035-2 0  9997
2 35159  98.8131 259.4093 0016593 335.6223  56.0017 14.48013213642205
1 48087U 75052MX  26171.35263051  .00000309  00000-0  60455-3 0  9993
2 48087  99.6825   4.9162 0056209 132.2878 228.3038 13.43563318616010
1 57561U 13076AY  26171.57625942  .00002272  00000-0  10754-1 0  9999
2 57561  82.7495 116.0949 0071062 176.9891 183.1649 12.73511281144774
1 39694U 91009DH  26171.60337249  .00000111  00000-0  12036-2 0  9998
2 39694  74.0814 287.5772 0128793 310.5207  48.4664 12.18885570292148
1 42125U 81053QM  26171.60786558  .00001558  00000-0  87009-3 0  9999
2 42125  82.9363 296.4408 0054572 141.0634 219.4492 14.09526230597859
1 T0167U          26171.70229786 -.00000017  00000-0  32732-3 0  9991
2 T0167  65.7329 164.1584 0694892 135.4336 230.4688 11.48039874274908
1 32141U 99025CSK 26171.73248493  .00000538  00000-0  35868-3 0  9992
2 32141  98.7455 171.9726 0074972  36.8766 323.7524 14.03882811976092
1 64965U 77121CA  26171.75747037  .00000424  00000-0  40575-3 0  9999
2 64965  65.8168 343.6191 0103306  64.7389 296.4343 13.88308934102723
1 31991U 99025CPU 26171.80868795  .00000039  00000-0  98456-4 0  9994
2 31991 100.4787  19.7537 0243616 305.0831  52.7680 13.61335638646739
1 69325U 26121A   26171.83152253  .00000035  00000-0  30105-4 0  9994
2 69325  89.0159 300.1473 0020476 178.2353 181.8879 13.59758614  2659
1 T0068U          26171.88715568  .00003055  00000-0  47777-2 0  9996
2 T0068  73.1578 240.1277 0770213 227.7355 125.5888 12.68593622302838
1 29019U 80034F   26171.90108620  .00000247  00000-0  20950-3 0  9991
2 29019  64.8264  33.1946 0052113 251.4616 108.0788 14.05006186624382
1 37047U 99025EEF 26171.94293169  .00002314  00000-0  16997-2 0  9990
2 37047  99.1222 224.5852 0233265  64.9017 297.6149 13.84530659647148
1 38665U 71035E   26172.07518092  .00000121  00000-0  48305-4 0  9992
2 38665  74.0479 301.7098 0029288  58.6295 301.7718 14.38252966678467
1 46435U 97051ABN 26172.10537517  .00009808  00000-0  24647-2 0  9991
2 46435  86.2743 111.3903 0202537  12.0458   3.8052 14.39511395106502
1 T0232U          26172.16387636  .00001835  00000-0  22437-2 0  9992
2 T0232  72.9696 139.0782 0699449  92.2682 275.8583 12.92690327302596
1 36322U 82025G   26172.22982779  .00004383  00000-0  14249-2 0  9997
2 36322  82.5178 159.5590 0016647 294.0617  65.8831 14.38595998661056
1 40610U 95015FH  26172.55428534  .00003295  00000-0  10203-2 0  9992
2 40610  98.6872 213.4525 0024590  32.8652 327.4060 14.41713948580143
1 37427U 99025EGV 26172.70489173  .00002615  00000-0  15295-3 0  9994
2 37427  98.6372 340.4677 0172309  30.5223 330.5890 15.01292646631855
1 39103U 86019VR  26172.72916338  .00000662  00000-0  20455-3 0  9990
2 39103  98.1995 156.3607 0024158  58.5325 118.4345 14.44131406683321
1 48745U 02032CE  26172.80664711  .00842910  00000-0  80769-2 0  9992
2 48745  98.8324 282.9745 0024771 268.0861  91.7557 15.63732576279303
1 29189U 68002N   26172.85371833  .00001035  00000-0  25750-2 0  9991
2 29189 105.8355 200.6445 0240357 224.2049 317.6298 13.15185697530148
1 35346U 01049QE  26172.88867816  .00016362  00000-0  12214-2 0  9995
2 35346  98.8533  42.6215 0018688  46.1378 314.1384 15.02800136260568
1 T0153U          26172.91477251 -.00001198  00000-0 -39185-2 0  9992
2 T0153  83.2009  52.6167 0754448 327.9914  27.7358 12.30768429294376
1 35367U 88005AB  26172.98750381  .00000775  00000-0  51943-3 0  9998
2 35367  82.5175 260.2708 0011709 321.7396 160.7355 13.99714466334364
1 31554U 99025BYV 26173.16221875  .00007507  00000-0  16809-2 0  9999
2 31554  98.9134 324.5152 0037159 159.6794 200.5890 14.56546622676398
1 36162U 99025DSK 26173.20726093  .00003055  00000-0  14713-2 0  9992
2 36162  97.6244 306.1491 0245388 288.4996  68.9654 14.04810296732085
1 T0195U          26173.28710637  .00000202  00000-0  67221-3 0  9993
2 T0195  90.2355   9.0480 0030038 359.2664   0.8408 12.97003368308900
1 42605U 74089FW  26173.55872860  .00000053  00000-0  78590-3 0  9995
2 42605 101.5062 118.1587 0124847 201.3728 158.2089 12.29200783457300
1 42233U 81053UZ  26173.92397976  .00000211  00000-0  21806-3 0  9996
2 42233  83.0437 351.5664 0134731 129.0485 232.2749 13.67212254580969
1 T0079U          26174.00892145 -.00000049  00000-0  31483-3 0  9991
2 T0079  56.0485 273.2249 0159177 293.0799  65.3391 12.38315604297169
1 40794U 93036BVX 26174.05849310  .00041531  00000-0  25779-2 0  9991
2 40794  73.9693  90.8935 0016935 186.4740 187.6416 15.09382378648110
1 38386U 65027CP  26174.06149709  .00001040  00000-0  33611-2 0  9995
2 38386  90.2874  34.1278 0030429 195.4408 164.5789 13.01307610658432
1 56600U 22151ADY 26174.16407327  .00040334  00000-0  32392-2 0  9993
2 56600  98.6121 252.4101 0040535 215.8471 144.0028 14.99263535177445
1 T0081U          26174.18684945  .00000473  00000-0  16178-2 0  9993
2 T0081  90.2364 350.1794 0020487  79.7138 280.6291 12.96747360310771
1 35663U 93036APE 26174.18878340  .00005433  00000-0  94360-3 0  9993
2 35663  74.0166 112.8084 0007017 153.8364 206.3162 14.68406989762042
1 T0325U          26174.22752799 -.00000295  00000-0 -10465-2 0  9999
2 T0325  90.2311 356.9223 0034415  42.1174 318.2582 12.97034435266162
1 44996U 13076R   26174.24619332  .00000106  00000-0  68672-3 0  9998
2 44996  82.4812 164.9045 0018267  71.8948 288.4119 12.43354863293117
1 T0272U          26174.25269756  .00000790  00000-0  22908-2 0  9992
2 T0272  83.0850 166.0762 1067500 103.3752 268.8373 11.85961222273595
1 42643U 75052MC  26174.25688511  .00000042  00000-0  25766-3 0  9999
2 42643  99.6504   8.3902 0294168 303.0313  54.2841 12.88754837 28477
1 42228U 81053UU  26174.28047615  .00000381  00000-0  33417-3 0  9991
2 42228  82.9323 178.6889 0040296 354.2554   5.8139 13.82746014 82588
1 38144U 99025EQR 26174.30416425  .00000678  00000-0  73257-3 0  9998
2 38144  98.9812 347.8679 0290144  53.8418 308.9198 13.59515004636536
1 T0281U          26174.36212865  .00000895  00000-0  71904-2 0  9999
2 T0281  82.5087 204.6291 0082635 180.5760 179.5232 12.32905441279703
1 31851U 99025CJR 26174.37811094  .00002008  00000-0  15580-2 0  9997
2 31851  98.7874  22.1027 0200908 118.9912 243.1545 13.84589353641326
1 47001U 99025FAB 26174.47420510  .00003259  00000-0  10293-2 0  9996
2 47001  99.2894 253.6586 0051165 203.6817 156.2014 14.40249924766877
1 60611U 14028BX  26174.48040834  .00001870  00000-0  53444-2 0  9998
2 60611  82.5424 235.8279 0269511 238.7450 118.7008 12.98429847147674
1 T0228U          26174.48874282  .00000021  00000-0  30887-3 0  9997
2 T0228  74.0086  94.6783 0140205  79.9350 281.7472 12.24576139289382
1 42645U 75052ME  26174.50181594  .00000026  00000-0  20464-3 0  9990
2 42645  99.7304  70.6193 0269460 188.2525 349.2222 12.90066114463714
1 42276U 95015GS  26174.50388101  .00000261  00000-0  22036-3 0  9992
2 42276  99.0810  93.9863 0115179  90.0883 271.3476 13.93283382568506
1 42534U 70025SQ  26174.54838253 -.00000248  00000-0 -64294-3 0  9994
2 42534 101.7314 280.7837 0194352  80.4001 281.8995 12.95627797589154
1 T0191U          26174.56547905  .00000053  00000-0  44624-3 0  9993
2 T0191  62.8985 269.6192 0224018 308.7170  49.3982 12.91531156309842
1 36163U 99025DSL 26174.57692515  .00010376  00000-0  19056-2 0  9994
2 36163  99.0795  42.7707 0031841 205.3563 154.6076 14.65578282920062
1 T0261U          26174.60017224 -.00000149  00000-0 -21782-3 0  9990
2 T0261  63.2077 283.2355 0388269  27.7028 334.4072 12.83439948294993
1 57547U 13076AJ  26174.68490704  .00001199  00000-0  78880-2 0  9996
2 57547  82.4706 154.6402 0021718  12.4465 347.7150 12.49316722142258
1 57559U 13076AW  26174.69760206  .00000578  00000-0  39525-2 0  9990
2 57559  82.4825 163.1212 0021740  68.8740 291.4663 12.45694872141943
1 35241U 99025DQZ 26174.72305903  .00002102  00000-0  12699-2 0  9993
2 35241  98.6350  98.8049 0139319  27.3111 333.5294 14.02866295903113
1 81947U          26174.74183180 +.00002684 +00000+0 +25926-3 0  9997
2 81947  66.0750 348.8035 0370145  21.2453 340.3572 14.54876557659076
1 48181U 02032W   26174.79258325  .00476114  00000-0  85509-2 0  9992
2 48181  98.6886 198.3852 0013686 171.9092 188.2378 15.48039160276984
1 36160U 99025DSH 26174.79611765  .00000229  00000-0  13127-3 0  9993
2 36160  98.1359   4.1129 0133028 313.9663  45.0600 14.13411047627790
1 46986U 99025EZL 26174.80429818  .00000937  00000-0  24887-3 0  9999
2 46986  98.2206 198.3589 0103618 343.5465  16.2373 14.47827172661934
1 37714U 99025EMF 26174.80490259  .00003989  00000-0  14201-2 0  9993
2 37714  98.9004 296.7588 0047025 233.3608 126.3247 14.34249031602758
1 T0044U          26174.83008552  .00000120  00000-0  37070-3 0  9992
2 T0044  90.2538  13.7032 0012808 203.0049 157.0501 13.00705298311672
1 37655U 78026JS  26174.84319272  .00000130  00000-0  10318-3 0  9995
2 37655  99.1934 187.8589 0011303 292.7383  67.2590 14.08267093666839
1 T0175U          26174.86377008 -.00000589  00000-0 -18690-2 0  9992
2 T0175  83.3190  34.8983 0827701 283.1576  67.8495 12.21357751292513
1 44478U 19049D   26174.88386675  .00577358  13045-4  41641-2 0  9991
2 44478   4.3311  27.8720 1850456 250.4265  88.7432 11.92896958126975
1 38275U 79095BV  26174.94439686  .00046347  00000-0  38812-2 0  9992
2 38275  81.1151  34.6088 0008579 224.1280 135.9255 14.98187259676060
1 T0016U          26174.97784427  .00000467  00000-0  38372-3 0  9998
2 T0016  98.7055 254.3836 0228841  29.4965 331.8879 13.82265528330629
1 09979U 73086GJ  26175.00766863 -.00000154  00000-0 -17135-2 0  9996
2 09979 101.9379  93.7126 0599040 325.5255  41.8782 11.50980483520701
1 30964U 99025BBE 26175.12561521  .00002033  00000-0  12615-2 0  9996
2 30964  98.6811 137.8112 0141256  56.4289   3.5576 14.01333164981036
1 35567U 07042G   26175.14112830  .00000562  00000-0  29073-3 0  9997
2 35567  98.8791 134.3409 0014697 163.9658 196.1986 14.18989065663779
1 55049U 23001AS  26175.21618542  .01585954  23968-5  60214-3 0  9995
2 55049  97.3001 262.6152 0012377 285.9702  74.0225 16.24069885194757
1 T0059U          26175.24965951  .00000037  00000-0  46569-3 0  9999
2 T0059  73.9942 160.0479 0129834 121.9509 239.4227 12.23021089293642
1 T0141U          26175.30203209  .00000037  00000-0  39459-3 0  9999
2 T0141  73.6103  20.6483 0025984 196.9168 163.1012 12.42213542298132
1 31817U 99025CHF 26175.31657715  .00004162  00000-0  71151-3 0  9992
2 31817  98.9174 193.6773 0058494 195.7434 164.1951 14.68382797742442
1 89403U          26175.32987994 +.00000637 +00000+0 +21226-2 0  9996
2 89403  90.2478  10.2444 0027300  71.5183 108.9660 12.98886836502958
1 40690U 99025EWW 26175.33357660  .00000476  00000-0  36891-3 0  9995
2 40690  99.3998 219.4001 0092102 343.3120  16.5016 13.95910210640768
1 85426U          26175.40975105  .00007017  00000-0  52456-3 0  9997
2 85426  97.6843 239.0304 0020248 262.6478  97.2446 15.02934771  1862
1 37683U 99025EKY 26175.42766311  .00001372  00000-0  11002-2 0  9992
2 37683  97.9941  58.5962 0582985 351.5935 193.1560 13.32805393318195
1 39833U 87020FH  26175.44702239  .00000232  00000-0  14568-2 0  9998
2 39833  73.7781  90.6070 0018093 291.3269  68.5854 12.58973205553625
1 29170U 65063U   26175.46538838  .00000406  00000-0  28031-2 0  9991
2 29170  69.2180 241.6996 0747403 348.9762  27.3950 11.90422643 83175
1 39881U 93016BF  26175.47550467  .00000997  00000-0  56058-3 0  9999
2 39881  70.9839 213.4100 0119732 332.8892  26.6006 14.09361679598554
1 55720U 14028AG  26175.52596976  .00002275  00000-0  95962-2 0  9993
2 55720  82.5104 267.9815 0117309 346.7918  13.0119 12.80576385159823
1 64966U 77121CB  26175.54515069  .00000410  00000-0  46600-3 0  9999
2 64966  65.8119 114.4277 0108061 187.0723 172.8823 13.78311321632577
1 39712U 92093KC  26175.55468283  .00001241  00000-0  64891-3 0  9996
2 39712  71.1274 112.0495 0086896  73.0856 287.9771 14.14323323 97209
1 38845U 88019G   26175.56181425  .00000041  00000-0  11998-3 0  9993
2 38845  65.0436  99.2664 0057033 240.1611 294.1475 13.81245243614582
1 35667U 93036APJ 26175.60498450  .00003547  00000-0  71527-3 0  9999
2 35667  74.0533 130.0114 0018754 145.2696 214.9699 14.61744300736342
1 64985U 77121CW  26175.61119391  .00000051  00000-0  17720-3 0  9998
2 64985  65.8594 259.4924 0101966 261.5557 166.0915 13.55865544117676
1 21752U 83127J   26175.62436685  .00004028  00000-0  89768-2 0  9993
2 21752  54.1021 154.6124 1091248 209.5975 143.8611 11.97367718294994
1 T0015U          26175.73900606  .00000714  00000-0  21879-2 0  9999
2 T0015  90.1374 357.7274 0030614 147.2449 213.0582 13.04769931313058
1 35975U 93036AVR 26175.73901986  .00001960  00000-0  74677-3 0  9994
2 35975  74.0504 338.6205 0112264  12.9220 347.4762 14.28090964668703
1 31880U 99025CKF 26175.74922138  .00000507  00000-0  42642-3 0  9995
2 31880 100.0432 358.6012 0127184   2.9662 357.2220 13.89744598656742
1 38491U 99025ESA 26175.76781384  .00000105  00000-0  86686-4 0  9999
2 38491  98.9328 181.5601 0224587 211.5115 147.2433 13.96608695691689
1 39838U 91009DW  26175.80338789 -.00000267  00000-0 -25424-2 0  9993
2 39838  74.1145 197.2303 0229842 161.7971 199.1459 12.10644695289396
1 42492U 70025QW  26175.86010990  .00000273  00000-0  40202-3 0  9992
2 42492  99.2872  23.9090 0007451  80.4819 296.6290 13.63003232613658
1 31400U 88005V   26175.88864603  .00003597  00000-0  18402-2 0  9994
2 31400  82.5277 232.3255 0014329 145.3263 214.8851 14.15268224622448
1 31359U 99025BRP 26176.09233947  .00007177  00000-0  30845-2 0  9999
2 31359  99.0743 285.4003 0072726  97.0428 263.9027 14.23565842 13666
1 T0235U          26176.18401262  .00001160  00000-0  14517-2 0  9994
2 T0235  82.9329 346.6107 0144227 268.9530  89.5091 13.59386758322650
1 T0054U          26176.20159743  .00000050  00000-0  14387-3 0  9993
2 T0054  90.2113 347.7127 0028388 357.0442   3.0507 12.98388734311555
1 87650U          26176.36868067 +.00011464 +00000+0 +20854-2 0  9998
2 87650 100.2637  44.2207 0031214  67.5227 292.9270 14.66026584108244
1 T0143U          26176.37636669  .00000192  00000-0  27133-3 0  9997
2 T0143  99.2459  39.7595 0044570  72.5252 288.0759 13.68302474328447
1 37707U 99025ELY 26176.41813682  .00002212  00000-0  43893-3 0  9991
2 37707 100.2055 229.1449 0141347 177.8845 194.0779 14.57485978884016
1 38492U 99025ESB 26176.44538352  .00003495  00000-0  21168-2 0  9998
2 38492  98.6122 240.4019 0220819 330.1332  28.7378 13.95658308587185
1 42147U 81053RK  26176.45413353  .00001654  00000-0  71373-3 0  9995
2 42147  83.0633 247.4339 0019463  52.2941 308.0003 14.23873450650193
1 69579U 26137H   26176.48489301  .00000037  00000-0  14270-3 0  9991
2 69579  49.9967 222.2731 0010122 259.8752 100.1006 13.92076941  1185
1 31882U 99025CKH 26176.55778179  .00000865  00000-0  48082-3 0  9992
2 31882  98.9219 103.4423 0037624  34.5918 325.7691 14.13428416613884
1 35372U 88005AG  26176.56639213  .00001446  00000-0  93782-3 0  9995
2 35372  82.5252 270.8814 0018119 202.6235 218.3544 14.02000940665189
1 81427U          26176.62052630 +.00000563 +00000+0 +34972-3 0  9999
2 81427  98.7295  57.3290 0082998 208.4796 151.1825 14.07250776579173
1 28673U 88074J   26176.63132255  .00004758  00000-0  36151-2 0  9994
2 28673  89.8189 318.0315 0056854 185.8114 190.5155 13.92862559537795
1 37064U 99025EEY 26176.68724322  .00005539  00000-0  25636-2 0  9997
2 37064  98.9063 334.2595 0099695 264.4362  94.5436 14.18634815842975
1 42554U 70025TL  26176.70208242  .00000594  00000-0  60761-3 0  9992
2 42554 100.0636 344.6841 0038799  31.4624 328.8836 13.80851735587081
1 31447U 99025BUK 26176.94076072  .00000501  00000-0  18145-3 0  9999
2 31447  98.9665 227.5725 0230915 152.4745 208.8886 14.24252276676309
1 59995U 85013F   26176.98306274  .00003554  00000-0  22080-2 0  9996
2 59995  82.5249 266.3294 0019745  73.9439 286.3905 14.04693384109254
1 29279U 68066N   26176.98410836  .00007151  00000-0  32578-2 0  9997
2 29279  80.5953 280.6756 0509031 233.5306 121.7917 13.69645214 52731
1 29184U 68002H   26176.99658034  .00001827  00000-0  41744-2 0  9996
2 29184 105.8313 235.1672 0259753 208.2346 150.4450 13.16967703559718
1 T0215U          26177.01773001  .00000505  00000-0  33309-3 0  9991
2 T0215  82.5514 279.3885 0012405 307.9267  52.0780 13.99965888334540
1 56656U 22151AGG 26177.17338196  .00001171  00000-0  78577-3 0  9997
2 56656  98.8592 147.8060 0117526  47.5402 313.5627 13.99378198161677
1 32303U 99025CWU 26177.18643541  .00006808  00000-0  27379-2 0  9993
2 32303  97.8039 315.2289 0090283  94.3717 266.7787 14.26144212650193
1 57165U 83103C   26177.19432012  .00000165  00000-0  65243-4 0  9990
2 57165  74.0495 349.0012 0020472  96.3945 263.9540 14.36385467659843
1 T0006U          26177.19491393 -.00000030  00000-0  12573-3 0  9993
2 T0006 102.2806 145.3620 0093456 274.3212  84.7176 12.38828300297697
1 46439U 99025EYU 26177.19741819  .00000394  00000-0  18165-3 0  9994
2 46439  98.5414 163.0772 0119660 198.2647 161.4216 14.22567420631425
1 40709U 84072L   26177.20756010  .00002258  00000-0  14852-2 0  9994
2 40709  82.5105 351.1351 0012188 187.8021 172.2961 14.01476668845142
1 45347U 91056CG  26177.23878703  .00015550  00000-0  96694-2 0  9997
2 45347  82.6383   6.5125 0122036 238.3499 120.5721 14.01244226317304
1 35721U 93036AQS 26177.25513701  .00003422  00000-0  10520-2 0  9997
2 35721  73.9469 177.1661 0146545 280.5694  77.8979 14.35941997605949
1 T0203U          26177.27855629  .00000192  00000-0  60521-3 0  9991
2 T0203  90.2453  12.7137 0031482 237.0099 122.7996 13.00696926311686
1 38812U 99025EVC 26177.32134352  .00001391  00000-0  13350-2 0  9991
2 38812  98.4167 359.9157 0256400 226.8273 131.1193 13.68081516488597
1 37671U 78026KJ  26177.33585212  .00000689  00000-0  28863-3 0  9992
2 37671  98.7910 213.8774 0029002 126.0388 234.3487 14.29054282673388
1 31246U 99025BMC 26177.35233348  .00003440  00000-0  18395-2 0  9994
2 31246  98.8046  24.7503 0144550 151.5552 209.3605 14.08592920645052
1 49927U 14028J   26177.38966389  .00002707  00000-0  79553-2 0  9998
2 49927  82.4841 232.7069 0281340 253.5556 103.4466 12.95713613219259
1 39962U 81053NY  26177.39014045  .00000532  00000-0  48433-3 0  9990
2 39962  82.8172  48.9190 0073096  30.8370 329.7051 13.80495905606481
1 T0187U          26177.39966247  .00001187  00000-0  33147-3 0  9993
2 T0187  74.0313 222.9489 0020657 259.2420 100.6413 14.47204191 77873
1 42603U 74089FU  26177.46252007 -.00000094  00000-0 -53583-3 0  9994
2 42603 100.8982 264.9465 0203903 342.1424  17.2541 12.17908140559415
1 47003U 99025FAD 26177.47907027  .00000162  00000-0  25489-3 0  9998
2 47003  98.8623  90.8443 0331827 286.5668  69.9268 13.42926194679334
1 33639U 99025DDY 26177.49659630  .00005362  00000-0  15879-2 0  9992
2 33639  98.7100 277.3781 0049046  67.5646 293.0728 14.43090849634032
1 48813U 61015MR  26177.52187139  .00000453  00000-0  80483-3 0  9994
2 48813  66.6421  97.6309 0463392 273.3525  81.4625 13.14946785602304
1 38494U 99025ESD 26177.56265227  .00003381  00000-0  11820-2 0  9990
2 38494  98.4442 118.8429 0372962 175.2589 185.2277 14.03267403 98986
1 39941U 81053NB  26177.60735682  .00001386  00000-0  11290-2 0  9996
2 39941  83.0186 136.4796 0097461 141.1847 219.6370 13.86929439608571
1 31444U 99025BUG 26177.65109015  .00012117  00000-0  16928-2 0  9991
2 31444  98.9340 144.4007 0052851 179.2372 180.8925 14.76839091  3041
1 T0278U          26177.66462485  .00005272  00000-0  93915-3 0  9997
2 T0278  34.0950 164.5356 0243259 160.9752 200.0197 14.48875700323927
1 T0070U          26177.69075372  .00000416  00000-0  14706-3 0  9991
2 T0070  62.7956 280.8637 0735488  11.4488 350.2286 13.50749182323722
1 50792U 87011BH  26177.69235067  .00000677  00000-0  25004-3 0  9995
2 50792  65.0100 152.8730 0020334 282.2174 256.7445 14.39257041102182
1 39301U 92093JS  26177.69657755  .00000152  00000-0  10968-3 0  9997
2 39301  70.8761 163.9581 0034620 275.2623  84.4547 14.11680511662871
1 35135U 99025DLP 26177.74688326  .00000844  00000-0  38004-3 0  9993
2 35135  98.5591 186.1362 0083025  74.7832 286.2509 14.22941939906115
1 61045U 24163A   26177.81235899  .00001689  00000-0  90246-4 0  9999
2 61045  52.9744 265.1828 0005991 141.0621 219.0806 15.20822722 99230
1 40708U 84072K   26177.81617296  .00002660  00000-0  18465-2 0  9993
2 40708  82.5119 357.2962 0026605 270.9245  88.8875 13.98384002575389
1 37657U 78026JU  26177.85502173  .00000680  00000-0  25806-3 0  9993
2 37657  98.7198 216.4363 0020459 286.3433  73.5501 14.34247279120889
1 33638U 99025DDX 26177.88641491  .00001170  00000-0  10745-2 0  9990
2 33638  98.4530  50.0608 0264861 108.6499 254.3602 13.69794335636004
1 26509U 81021L   26177.89523563  .00000085  00000-0  13525-3 0  9990
2 26509  64.9661 278.5694 0063510 244.4892 114.9596 13.92195170661258
1 37438U 99025EHG 26177.91202175  .00000942  00000-0  49783-3 0  9999
2 37438  98.7181 217.8927 0029024  25.1809 335.0774 14.15985041629115
1 65006U 77121DT  26177.96916053  .00000191  00000-0  27523-3 0  9990
2 65006  65.4953  33.1431 0135726 265.9520  92.6016 13.73531255630940
1 T0041U          26178.01934140  .00001585  00000-0  95270-3 0  9996
2 T0041  98.4998 276.5077 0219129 187.5580 172.2264 13.96890465334438
1 39606U 79095CH  26178.02671215  .00007361  00000-0  19898-2 0  9996
2 39606  81.1770  90.4223 0009903 322.3913  37.6585 14.47697385 81326
1 T0196U          26178.05695934  .00000379  00000-0  34637-3 0  9996
2 T0196  64.6945 302.9634 0046036 174.4450 185.7134 13.95141236334669
1 39322U 94029AFH 26178.08531828  .00003611  00000-0  61681-3 0  9998
2 39322  81.9258 111.7857 0231225 310.3432  47.7767 14.52627055684266
1 31019U 99025BDM 26178.12077771  .00002169  00000-0  60265-2 0  9994
2 31019  98.7233 314.2961 1106874 264.4155 290.8960 11.83440258575038
1 35217U 99025DPZ 26178.12722415  .00001488  00000-0  16066-2 0  9993
2 35217 101.8784 139.1200 0294756 200.6708 158.2293 13.58312046638854
1 69676U 26132G   26178.13849605  .00008509  00000-0  61874-3 0  9999
2 69676  97.6876 241.7399 0021341 253.6187 106.2693 15.03894241  2272
1 42129U 81053QR  26178.14885260  .00001194  00000-0  91827-3 0  9998
2 42129  82.8431 337.3640 0059539 255.8380 103.6165 13.91535141599103
1 60612U 14028BY  26178.18912173  .00005586  00000-0  96832-2 0  9990
2 60612  82.1493 151.1369 0300006 123.8354 239.1718 13.27600017165173
1 46430U 93036BWU 26178.19281558  .00008258  00000-0  18507-2 0  9997
2 46430  73.9130 342.8316 0091191 218.4736 140.9903 14.54191841825369
1 69736U 86006E   26178.22655589  .00004409  00000-0  57410-3 0  9994
2 69736  82.5499 166.0388 0117539 322.1875  37.1118 14.75630473 56783
1 31023U 99025BDR 26178.23675918  .00000302  00000-0  20079-3 0  9995
2 31023  98.8316 163.9103 0082945  30.5388 330.0573 14.06798728722648
1 T0200U          26178.25413582  .00000004  00000-0 -12248-4 0  9992
2 T0200  90.2505  14.1832 0033177 140.9582 219.3942 12.95786233309462
1 28676U 88074M   26178.26926117  .00000495  00000-0  75717-3 0  9992
2 28676  89.9551 358.1940 0087633 218.4993 140.9886 13.49083109640960
1 38362U 65027BP  26178.27452519  .00000162  00000-0  53156-3 0  9993
2 38362  90.2468  11.2224 0047036  93.6714 266.9787 12.97084737464709
1 69580U 26137J   26178.27848690  .00000022  00000-0  13174-3 0  9998
2 69580  49.9961 215.0979 0011832 257.3150 102.6427 13.91997107  1436
1 T0128U          26178.28430027  .00000004  00000-0  41003-3 0  9996
2 T0128 102.4347 185.7288 0045718 244.9976 114.6330 12.33824220296472
1 31288U 99025BNW 26178.29328284  .01221608  00000-0  10982-1 0  9990
2 31288  98.7239  11.9200 0014702 280.3924 254.1177 15.65436854  4960
1 T0017U          26178.29861202 -.00000476  00000-0 -15484-2 0  9995
2 T0017  90.2878  24.6790 0030027 232.4660 127.3734 13.02504519312741
1 42649U 75052MJ  26178.33514924  .00000022  00000-0  11920-3 0  9999
2 42649  99.7570  45.1095 0034820 211.4306 148.4741 13.39205153620337
1 31349U 99025BRD 26178.33566813  .00001275  00000-0  79408-3 0  9990
2 31349  99.2594 217.1340 0070753  60.8356 299.9866 14.05569524656982
1 T0347U          26178.34000246  .00000723  00000-0  21676-2 0  9993
2 T0347  82.6880 199.4227 0087138 272.8229  86.2916 13.04867679146858
1 42610U 74089GB  26178.35719784  .00000048  00000-0  65734-3 0  9999
2 42610 101.3937  44.1628 0079459 107.9273 253.0476 12.40370333570462
1 31090U 99025BGL 26178.37626767  .03122122  33758-5  21708-2 0  9990
2 31090  98.9622 337.4511 0013930 260.8682  99.1024 16.16139331 38946
1 69473U 26128B   26178.37654890  .00024134  00000-0  33565-3 0  9993
2 69473  55.0021 257.9040 0009934 325.3113  34.7274 15.56860342  2801
1 T0074U          26178.37942302  .00000224  00000-0  73582-3 0  9991
2 T0074  63.2985  52.6115 0480870  19.3787 342.4816 12.86165046308972
1 T0134U          26178.38653007 -.00000016  00000-0  14668-3 0  9990
2 T0134  66.0616  49.4195 0669634 137.9122 227.5350 12.29541491295442
1 60613U 14028BZ  26178.39250868  .00002882  00000-0  88523-2 0  9994
2 60613  82.4847 232.2121 0233570 252.7021 104.8415 12.96526834148195
1 58434U 22151AJC 26178.39631965  .00000181  00000-0  78343-4 0  9990
2 58434  98.7080 220.3920 0105328  29.1286 331.5717 14.32650814164139
1 T0140U          26178.39919518 -.00000289  00000-0 -54142-3 0  9994
2 T0140  99.4320 239.8788 0776935  15.0723 347.2160 12.51575163299687
1 38135U 99025EQG 26178.43367549  .00001088  00000-0  37085-3 0  9993
2 38135  98.6340 237.6411 0220596 217.4747 141.0880 14.25800255638430
1 43336U 89050C   26178.43879945  .00000386  00000-0  35493-3 0  9998
2 43336  82.9537 239.4159 0040500 291.7436  67.9415 13.80153759551037
1 38842U 05017F   26178.45953353  .00025258  00000-0  79968-3 0  9993
2 38842  98.0897 257.6245 0019092 329.0830  30.9284 15.32567990855871
1 T0087U          26178.48651778  .00001027  00000-0  14214-2 0  9999
2 T0087  72.8110 249.2295 0725760 119.2493 248.3124 12.82612017306738
1 28610U 66040Z   26178.50778801  .00001649  00000-0  21597-2 0  9999
2 28610 100.5014 272.7976 0081658 110.4438 269.1604 13.61893135628182
1 27797U 81053MR  26178.51441236  .00000705  00000-0  90699-3 0  9997
2 27797  83.1402  99.9889 0188583  81.2465  43.3627 13.54059385639582
1 81069U          26178.52450477 +.00002739 +00000+0 +35767-2 0  9992
2 81069 100.3826  96.7932 0064124 282.8464  76.5516 13.61867671542707
1 28988U 88005C   26178.53188276  .00000967  00000-0  61928-3 0  9991
2 28988  82.5367 257.3772 0011526 185.9179 174.1857 14.02414059614987
1 32425U 99025DAM 26178.53865276  .00000772  00000-0  30299-3 0  9999
2 32425  96.7253 284.0387 0233076  65.4621 297.0663 14.17291305723229
1 42598U 74089FP  26178.54004100  .00000419  00000-0  31901-2 0  9994
2 42598 102.7921 210.3107 0180528 213.7788 145.1664 12.43033067570857
1 35618U 97051QQ  26178.55203748  .00001353  00000-0  32048-3 0  9995
2 35618  86.3394 267.3674 0030497  78.4460 282.0167 14.53076507682511
1 32161U 99025CTF 26178.55449380  .00000146  00000-0  11281-3 0  9997
2 32161  98.8392 282.0819 0136997  92.2041 269.4819 14.02068665661872
1 38155U 99025ERC 26178.55715081  .00004043  00000-0  15953-2 0  9999
2 38155  98.4399  80.9197 0091905 272.8259  86.2406 14.27317005665811
1 42200U 81053TQ  26178.57615198  .00002748  00000-0  15175-2 0  9993
2 42200  82.9835 121.7819 0070554 123.0751 237.7226 14.09856640643201
1 31021U 99025BDP 26178.58856595  .00002932  00000-0  23612-3 0  9990
2 31021  98.3653 301.2229 0258418 333.3844  25.4288 14.78257208763388
1 T0042U          26178.59237394  .00000040  00000-0  47633-3 0  9992
2 T0042  74.0240 285.7420 0136168 233.2589 125.5882 12.26214556294774
1 31996U 99025CPZ 26178.59434275  .00001935  00000-0  19873-2 0  9994
2 31996  99.2944 106.9247 0298830 339.2097  19.7096 13.59630154573621
1 31992U 99025CPV 26178.59863399  .00000198  00000-0  26158-3 0  9998
2 31992  99.1859 120.7327 0538667 272.7897  81.1718 13.23278615564780
1 43418U 14080G   26178.59885483 -.00000045  00000-0  49987-4 0  9998
2 43418  63.3918 295.6740 0381841   9.2352 351.5441 13.45311166546426
1 39834U 87020FJ  26178.60334912 -.00000028  00000-0 -81793-4 0  9990
2 39834  73.5984 144.1302 0046840   1.1599 358.9543 12.37994892787291
1 T0013U          26178.63213271  .00000036  00000-0  79668-3 0  9991
2 T0013 102.6991 146.5725 0153212 223.6450 135.2395 12.16583461292480
1 31680U 99025CCN 26178.72167377  .00039196  00000-0  87624-3 0  9995
2 31680  99.8474 355.9536 0051095 354.5107   5.5565 15.42007788 31903
1 33720U 99025DHH 26178.73904446  .00001241  00000-0  37648-3 0  9990
2 33720  98.2478 179.8317 0079616 190.1763 169.7819 14.42090114961943
1 31345U 99025BQZ 26178.77028429  .00002070  00000-0  11034-2 0  9994
2 31345  98.0875 178.6871 0065862 229.4893 130.0532 14.13193245982845
1 69322U 26120C   26178.78122309  .00015282  00000-0  39302-3 0  9997
2 69322  54.9975 339.9285 0012236   3.5721 356.5393 15.39448513  4320
1 41538U 00055NN  26178.78221007  .00003189  00000-0  15537-2 0  9996
2 41538  98.7534 179.3291 0040591 241.5044 118.2040 14.18409888534111
1 T0124U          26178.78436390  .00000047  00000-0  13782-3 0  9996
2 T0124  90.2447  13.5057 0026913  10.6892 349.4795 12.96899354311656
1 T0082U          26178.79506648  .00002675  00000-0  14948-2 0  9997
2 T0082  74.0114  16.8869 0224882 133.0717 228.9487 13.99263335334852
1 35400U 91068AW  26178.80259105  .00000062  00000-0  18796-3 0  9992
2 35400  82.9221  14.3191 0190246 359.2532  12.9095 12.85905930309097
1 29212U 88033H   26178.81335712  .00001851  00000-0  21608-2 0  9996
2 29212  90.3070  11.8702 0156003  81.4091 340.3642 13.63177083198339
1 T0313U          26178.81623970  .00000314  00000-0  10900-2 0  9997
2 T0313  90.2488  11.4738 0026653 174.0329 186.1113 12.95262256306440
1 38510U 99025ESV 26178.82497009  .00000837  00000-0  44461-3 0  9995
2 38510  98.5979 185.4216 0096366 307.0446  52.1942 14.13799609914542
1 33601U 99025DCJ 26178.84206723  .00001451  00000-0  77569-3 0  9992
2 33601  98.3337 324.9748 0154172 299.3675  59.2175 14.08751570934548
1 37435U 99025EHD 26178.84234195  .00001840  00000-0  82516-3 0  9995
2 37435  98.6286 216.3621 0041646 159.6569 200.6280 14.23223084917426
1 42456U 84072S   26178.84654588  .00001823  00000-0  13106-2 0  9991
2 42456  82.5378  15.8326 0038418 342.6329  17.3521 13.96081331589145
1 36351U 82025AM  26178.84776595  .00002395  00000-0  91714-3 0  9994
2 36351  82.5427 219.8689 0014468 165.0988 195.0628 14.30251785725653
1 82560U          26178.86436837 +.00000816 +00000+0 +68898-3 0  9996
2 82560 100.0019 141.2655 0010812 136.0267 251.9916 13.91158043639270
1 37474U 99025EJU 26178.88798181  .00006297  00000-0  76052-3 0  9991
2 37474  99.1477  55.6102 0122644 240.2956 118.5999 14.78938514652869
1 T0127U          26178.90775421  .00007315  00000-0  98729-3 0  9993
2 T0127  86.3249 246.1303 0011947 285.7879  74.2024 14.78940128349820
1 36990U 99025EBW 26178.92948694  .00000360  00000-0  41026-3 0  9992
2 36990  96.5830  67.7557 0288075 203.1793 155.6143 13.57157104855627
1 47013U 99025FAP 26178.93707239  .00002573  00000-0  10712-2 0  9994
2 47013  98.0670 238.2048 0053089 298.8733  60.7128 14.26339480760691
1 57545U 74025L   26178.96630307  .00003353  00000-0  14655-2 0  9999
2 57545  81.2102 273.3049 0012653 236.0205 123.9771 14.23607032  2612
1 39986U 87068DN  26178.97759574  .00000622  00000-0  49367-3 0  9993
2 39986  82.4970 259.0885 0037161 258.4033 222.5990 13.89590550924310
1 T0160U          26178.98489724  .00003240  00000-0  93265-2 0  9998
2 T0160  83.2477 274.7873 0889665 205.6337 149.7976 12.16481098291001
1 39954U 81053NQ  26178.99556154  .00004678  00000-0  13800-2 0  9994
2 39954  82.8873  81.0244 0036483 226.2426 133.5747 14.43049193624735
1 42499U 70025RD  26179.01130537  .00000755  00000-0  77775-3 0  9990
2 42499 100.0924  91.2195 0005445 161.4637 198.6712 13.79825073632841
1 35706U 93036AQB 26179.01557313  .00001230  00000-0  10041-2 0  9996
2 35706  73.8865  96.6961 0343805 110.8117 253.0181 13.66481123647562
1 36676U 99025DYW 26179.01587655  .00000919  00000-0  27043-3 0  9993
2 36676  98.7593  89.2646 0093018 262.5544 111.3929 14.43813593679127
1 35342U 01049QA  26179.06529892  .00000424  00000-0  20397-3 0  9991
2 35342  98.3087 109.0739 0336670 229.7022 127.4272 13.97793821662012
1 38534U 79095CB  26179.06636837  .00003780  00000-0  11480-2 0  9991
2 38534  81.2158 111.9851 0014153 293.5130  66.4571 14.41981362618422
1 T0098U          26179.11063167  .00006301  00000-0  16060-2 0  9992
2 T0098  98.2929 294.1345 0161266  92.3786 269.5878 14.43357404342507
1 T0349U          26179.12036580  .00000203  00000-0  46464-3 0  9998
2 T0349  82.5455 119.1880 0027773  35.2438 325.0516 13.21133670207273
1 31746U 99025CEV 26179.12858943  .00026915  00000-0  28914-2 0  9990
2 31746  98.5980 321.3761 0018329 288.7800  71.1426 14.88403562999538
1 56998U 71086L   26179.14998715  .00000023  00000-0  33404-3 0  9990
2 56998  74.0253 347.5502 0074651 291.5324  67.7769 12.27776485559465
1 37900U 99025EMZ 26179.16900386  .00002858  00000-0  14967-2 0  9994
2 37900 102.3018 329.6505 0210676 109.0822 253.3276 14.04780615625850
1 T0214U          26179.18393769  .00062917  00000-0  11490-1 0  9999
2 T0214  26.4877   0.1991 1528473 198.0324 155.9531 12.05051672 70050
1 60005U 84072AA  26179.18440395  .00001811  00000-0  11957-2 0  9997
2 60005  82.5206 352.4377 0024792 284.7954  75.0469 14.01056679438465
1 31415U 99025BTB 26179.18548862  .00002010  00000-0  75431-3 0  9992
2 31415  99.6582 158.0103 0060363 231.6996 127.8747 14.31942575656551
1 28796U 65063F   26179.19232992  .00000179  00000-0  12757-2 0  9995
2 28796  69.2142 140.6183 0749172 301.9410  70.0783 11.94772119186742
1 45128U 13076AA  26179.19650555  .00002449  00000-0  72385-3 0  9995
2 45128  81.2084 347.6164 0021440 200.9765 159.0547 14.43140904 63635
1 37278U 93036BHS 26179.19659990  .00004956  00000-0  16417-2 0  9996
2 37278  73.7828 352.6907 0296771 140.9590 335.0560 14.16038419666238
1 20030U 76067BU  26179.20329739  .00001449  00000-0  50502-2 0  9993
2 20030  65.6778  30.2295 0783195 182.9986 176.6148 12.24497206232314
1 31080U 99025BGA 26179.22487909  .00002965  00000-0  12475-2 0  9996
2 31080  99.1149 332.5138 0066465 247.2221 112.1926 14.25411477657667
1 60006U 84072AB  26179.22527552  .00001660  00000-0  11365-2 0  9999
2 60006  82.5197 359.2075 0018181 229.9685 129.9889 13.99056985432243
1 37417U 99025EGK 26179.22560987  .00000250  00000-0  16821-3 0  9999
2 37417  98.8070 172.0191 0080486  65.3565 295.5961 14.07599643711287
1 36356U 82025AS  26179.24531938  .00004193  00000-0  16503-2 0  9994
2 36356  82.5169 171.6057 0010196  24.0347 336.1312 14.29017021268709
1 37665U 78026KC  26179.27162672  .00002155  00000-0  68973-3 0  9997
2 37665  99.1942 353.5591 0022507  43.6122 316.6838 14.40579211609901
1 32195U 99025CUR 26179.27237718  .00000648  00000-0  39119-3 0  9991
2 32195  98.7743 181.4344 0070531 101.9766 258.9322 14.08806335667638
1 T0104U          26179.27370212 -.00000136  00000-0 -50149-3 0  9998
2 T0104  90.2575  16.3251 0029386  68.8214 291.6042 12.96175782311579
1 35102U 99025DKE 26179.27446749  .00000782  00000-0  31784-3 0  9997
2 35102  98.4744 189.1853 0058486 229.2306 130.3793 14.29374385677348
1 31537U 99025BYC 26179.27714054  .00012157  00000-0  28859-2 0  9999
2 31537  99.3092 348.9776 0333583 121.2910 242.1388 14.25265200960918
1 29356U 87020DX  26179.27781433  .00000673  00000-0  47421-2 0  9998
2 29356  73.6546  21.6910 0048965  71.0956  42.3755 12.46362852583031
1 T0344U          26179.28771451  .00000508  00000-0  14820-2 0  9991
2 T0344 105.8471  18.2429 0271708 138.2414 223.9753 13.06790746227895
1 42226U 81053US  26179.29025231  .00000615  00000-0  66421-3 0  9996
2 42226  82.9536 196.7519 0111421 151.9685 208.7531 13.69088682628906
1 38827U 99025EVT 26179.30458954  .00002996  00000-0  83922-3 0  9999
2 38827  98.3688 201.1098 0216056  84.9067 277.6738 14.33944101638903
1 31350U 99025BRE 26179.30697513  .00000973  00000-0  34747-3 0  9993
2 31350  98.9711   3.9633 0064727 266.5577  92.8202 14.35410423730872
1 31333U 99025BQM 26179.31650432  .00001191  00000-0  47932-3 0  9997
2 31333  98.4185 191.6361 0098129 164.4096 196.0145 14.27193096994095
1 39921U 94029AFU 26179.33495173  .00001606  00000-0  42964-3 0  9999
2 39921  81.5364 207.0273 0368711 303.5331  53.1124 14.14541208 46723
1 35271U 05024K   26179.37026420  .00213011  19449-4  55769-3 0  9992
2 35271  97.1565 217.3058 0005237 150.0935 210.0642 15.94878282106487
1 38280U 79095CA  26179.44325746  .00004029  00000-0  10879-2 0  9993
2 38280  81.1850  87.6506 0009843 350.6279   9.4727 14.47698524809134
1 T0224U          26179.46137731  .00001973  00000-0  16346-2 0  9997
2 T0224  73.1481  86.0964 0519091 250.3621 104.0766 13.40902068314545
1 45518U 85013D   26179.46890635  .00001627  00000-0  99026-3 0  9991
2 45518  82.5244 259.7148 0023643  41.0959 319.1989 14.05488959122493
1 64991U 77121DC  26179.47313633  .00000269  00000-0  28205-3 0  9999
2 64991  65.8045 195.8581 0111775  90.9059 270.4818 13.87834016630853
1 32109U 99025CRB 26179.50323508  .00001234  00000-0  35752-3 0  9996
2 32109  98.3369  57.5138 0206131  82.3570 280.0972 14.34495786677236
1 39903U 93016CD  26179.53341779  .00000192  00000-0  18573-3 0  9996
2 39903  70.9898 107.4769 0134894 176.2127   0.1674 13.87749266611982
1 T0072U          26179.54261895 -.00000045  00000-0 -59184-4 0  9996
2 T0072  64.8123 276.4393 0156431   9.0884 351.2816 11.27764879271286
1 19293U 61015MA  26179.54440919  .00000761  00000-0  17067-2 0  9995
2 19293  66.9852 227.2318 0338286 192.3758 319.3509 13.12722765829221
1 45127U 13076Z   26179.54597757  .00001968  00000-0  10887-1 0  9999
2 45127  82.4483 115.8090 0041159 132.4712 227.9870 12.62435093294683
1 56567U 14028BA  26179.54953130  .00005907  00000-0  23332-1 0  9994
2 56567  82.6202 276.1178 0118437   7.8327 352.4591 12.85418493160443
1 T0328U          26179.54964095  .00000116  00000-0  63036-3 0  9999
2 T0328  63.4589 286.2886 0196475   3.1318 357.0864 12.95273758288244
1 87991U          26179.56177986 +.00001550 +00000+0 +31317-2 0  9995
2 87991  28.6198 148.8306 0875218 307.8117  44.6262 12.35237822547474
1 36047U 93036AXJ 26179.60143842  .00030735  00000-0  19082-2 0  9994
2 36047  74.0321 289.9991 0005895 320.3106  39.7654 15.09548425689121
1 37067U 99025EFB 26179.60404622  .00004692  00000-0  28010-2 0  9991
2 37067  99.5194 135.1222 0136194 295.1298  63.5789 14.03219226601812
1 T0032U          26179.60718500 -.00000109  00000-0 -16693-2 0  9996
2 T0032  81.2946 140.2843 0254227 161.3229 199.7352 11.80997352283818
1 39911U 93016CM  26179.60735911  .00000243  00000-0  26682-3 0  9995
2 39911  71.0006 309.1976 0198533 199.3649 159.9835 13.73487165604841
1 34174U 87011E   26179.60942894  .00001284  00000-0  42047-3 0  9998
2 34174  64.9995 131.5873 0020688 284.9889 252.4121 14.42020510345472
1 40688U 99025EWU 26179.61777830  .00000400  00000-0  36799-3 0  9996
2 40688  98.9947 325.4841 0141702 218.1189 140.9877 13.84026340326543
1 T0181U          26179.63233660  .00002940  00000-0  36891-2 0  9998
2 T0181  72.9888 137.8202 0688721  71.5117 295.9505 12.92950566309395
1 36453U 93036BBC 26179.66742635  .00003872  00000-0  89496-3 0  9995
2 36453  73.9223 136.0703 0068497 354.4680 180.3278 14.54103681873430
1 28795U 65063E   26179.67075522  .00001332  00000-0  96399-2 0  9997
2 28795  69.2533 139.9958 0759562 126.5993  39.6081 11.81840524213001
1 T0218U          26179.68060897  .00004997  00000-0  30158-2 0  9998
2 T0218  98.8463 324.4238 0477828  65.9435 299.0942 13.62153197317346
1 30959U 99025BAZ 26179.68102177  .00005535  00000-0  17286-2 0  9992
2 30959  99.6998 158.8866 0050023 359.8029   0.3127 14.40528970632336
1 T0023U          26179.72920821  .00000290  00000-0  21364-2 0  9990
2 T0023  73.6405 351.1552 0025112 131.7417 228.5782 12.45795301299370
1 32430U 99025DAS 26179.74297983  .00002273  00000-0  15648-2 0  9991
2 32430  98.6798 191.0410 0373665 103.2304 261.0802 13.71280862939165
1 81323U          26179.75824475 +.00006387 +00000+0 +79104-3 0  9991
2 81323  65.7463 191.7523 0322944 209.7494 148.4905 14.52815350141772
1 37623U 90081DK  26179.76361878  .00000446  00000-0  23134-3 0  9990
2 37623  98.7373 167.0195 0022659 107.4724 252.8932 14.19607313668868
1 38456U 65027FM  26179.76362288 -.00000081  00000-0 -30346-3 0  9993
2 38456  90.2587   4.1592 0020601 351.5529   8.5242 12.97452512 91435
1 31725U 99025CDY 26179.78416595  .00001284  00000-0  21469-2 0  9992
2 31725  99.1717   6.2793 0686031 249.6584 102.9554 12.79716407890145
1 31351U 99025BRF 26179.79044731  .00000113  00000-0  89978-4 0  9998
2 31351  98.8111 166.4478 0091829 213.4756 146.0589 14.07169244641604
1 69320U 26120A   26179.83139990  .00008876  00000-0  24101-3 0  9998
2 69320  54.9993 335.3144 0012991 355.6014   4.4897 15.38345020  4489
1 31268U 99025BNA 26179.88450881  .00000866  00000-0  54011-3 0  9996
2 31268  98.7356 220.4923 0047715 347.8950  12.1069 14.06847006648184
1 43328U 87060AV  26179.89271389  .00000197  00000-0  10635-3 0  9998
2 43328  65.0105 335.6827 0017390 280.8544  79.0584 14.34024364630333
1 31531U 99025BXW 26179.90474743  .00002676  00000-0  65865-3 0  9995
2 31531  98.3570 224.2701 0241657  36.3060 325.4254 14.36883603667790
1 29097U 93016AL  26179.91472203  .00000068  00000-0  79728-4 0  9990
2 29097  71.0054 151.4926 0127129 227.7251 161.7867 13.94611553275785
1 31524U 99025BXP 26179.93107818  .00000499  00000-0  23099-3 0  9990
2 31524  99.2580  70.9333 0276095 292.5273 127.2447 14.07561093659399
1 49941U 14028Y   26179.93974736  .00003300  00000-0  10781-1 0  9999
2 49941  82.5639 248.0559 0223883 267.3762  90.1703 12.93043443218907
1 42199U 81053TP  26179.94459009  .00000541  00000-0  40058-3 0  9997
2 42199  82.9478  48.5980 0039719 132.7726 227.6793 13.93176308639214
1 89493U          26179.95016924 +.00002252 +00000+0 +10995-2 0  9990
2 89493  99.0144 256.5352 0081532 195.6622 164.2028 14.17328051492011
1 09956U 76126AW  26179.95442004  .00000053  00000-0  18911-3 0  9995
2 09956  65.7918 173.5295 0930898 297.0931  53.8070 12.36902096532626
1 38067U 93036BRZ 26179.95477672  .00000843  00000-0  16941-3 0  9996
2 38067  74.0153 254.9016 0071035 352.8114 183.8695 14.61740235654517
1 42158U 81053RW  26179.95831662  .00001269  00000-0  11177-2 0  9999
2 42158  83.0062 172.9752 0103695  17.8967  11.1275 13.82156372633025
1 14467U 70025NT  26179.96037529  .00000259  00000-0  38230-3 0  9997
2 14467 100.0392  61.5967 0002479 359.9462  13.1642 13.64584783163403
1 35169U 99025DMZ 26179.96159229  .00001462  00000-0  27373-3 0  9995
2 35169  99.1116  88.0808 0147976 226.1978 132.6904 14.59912919686717
1 40239U 93036BVU 26179.96403751  .00000953  00000-0  18381-3 0  9990
2 40239  74.0293 255.9553 0086263 317.8964 220.4475 14.62672204625081
1 40511U 95015CX  26179.96683987  .00008616  00000-0  22140-2 0  9994
2 40511  98.7696 237.9993 0015604 143.9816 216.2432 14.50370894584523
1 46965U 97051ABX 26179.96915488  .00002290  00000-0  45470-3 0  9993
2 46965  86.3328 252.6567 0019139  19.5185 159.3671 14.61679593651620
1 T0144U          26179.97764491  .00004310  00000-0  10045-2 0  9991
2 T0144  86.3051 273.2564 0015810 176.5416 183.5904 14.54552945346533
1 31648U 99025CBE 26180.00486952  .00004426  00000-0  21849-2 0  9990
2 31648 102.7898  93.7491 0052238  35.2448 325.2148 14.17591495747052
1 36656U 99025DYA 26180.03799872  .00000461  00000-0  50163-3 0  9992
2 36656  97.4348 267.4528 0331602 351.7596   7.8181 13.54936661615302
1 34672U 93036XS  26180.04312678  .00000434  00000-0  15578-3 0  9991
2 34672  74.0339 301.1596 0025046 328.0317 150.1836 14.36675888680257
1 12255U 78026CY  26180.05261781  .00000528  00000-0  36973-3 0  9991
2 12255  98.9528 122.9181 0019239 355.3407   4.7578 14.02734318688751
1 42172U 81053SL  26180.07282375  .00000972  00000-0  52599-3 0  9995
2 42172  82.9435 296.8145 0066589 338.8378  21.0045 14.10534075645027
1 31212U 99025BKS 26180.08239091  .00001590  00000-0  83979-3 0  9997
2 31212  99.2001 222.3891 0071783 336.3834  23.4048 14.14077069984613
1 36348U 82025AJ  26180.10479062  .00007153  00000-0  22923-2 0  9993
2 36348  82.4472 108.4259 0002877 349.2178  10.8950 14.39427313222725
1 66175U 25242A   26180.12465666  .00005345  00000-0  21419-3 0  9990
2 66175  97.4125 255.5750 0001846 133.5978 226.5413 15.25450102 37513
1 35433U 93036AKB 26180.12923876  .00000494  00000-0  18197-3 0  9990
2 35433  74.0360 334.8551 0026505 343.1811 136.7161 14.35040082894269
1 47052U 93036BXG 26180.13594999  .00000470  00000-0  16806-3 0  9990
2 47052  74.0491 336.5772 0059423   2.5537 116.0842 14.35794283646366
1 36061U 93036AXY 26180.16717599  .00000621  00000-0  22965-3 0  9995
2 36061  74.0241 356.4584 0038477  36.8580 323.5204 14.34032615679482
1 37042U 99025EEA 26180.20780097  .00018975  00000-0  22878-2 0  9990
2 37042  98.6031 318.6438 0047685 122.0339 238.5518 14.83057259757328
1 42428U 00055TY  26180.20987857  .00001717  00000-0  70136-3 0  9999
2 42428  98.9708 324.1298 0024374 192.5647 167.4929 14.28534979492506
1 60007U 84072AC  26180.24990609  .00002296  00000-0  15225-2 0  9996
2 60007  82.5280 358.4652 0024562 270.1057  89.7298 14.00921836432224
1 38495U 99025ESE 26180.25249869  .00001866  00000-0  17445-2 0  9990
2 38495  99.1572 192.2216 0248003 340.1078  19.0530 13.70186860638305
1 T0129U          26180.27444422  .00000799  00000-0  26690-2 0  9998
2 T0129  90.2387   8.8110 0030792  39.9397 320.3982 12.98874950311489
1 43332U 88033N   26180.29786404  .00000397  00000-0  71446-3 0  9998
2 43332  90.3194  19.5338 0182408 161.5704 199.2163 13.33809077478156
1 31360U 99025BRQ 26180.33602044  .00003292  00000-0  16433-2 0  9992
2 31360  97.9902  22.7143 0102897  13.2237 347.1599 14.14702421660056
1 87590U          26180.35128567 +.00000499 +00000+0 +30260-3 0  9998
2 87590  98.7645 217.7396 0027947  82.4478 345.5676 14.10576600182240
1 81219U          26180.38558605 +.00000367 +00000+0 +32663-3 0  9996
2 81219  82.9245 216.8964 0021749  21.1558 339.0497 13.81986533634953
1 31163U 99025BHR 26180.44316734  .00001120  00000-0  42267-3 0  9996
2 31163  98.9583  59.8373 0055263  34.6708 325.8057 14.32573727675865
1 35111U 99025DKP 26180.48051050  .00000575  00000-0  34453-3 0  9995
2 35111  99.4564 274.5838 0022106  33.8816 326.3761 14.11273501669472
1 38281U 88005AJ  26180.50232766  .00001815  00000-0  10926-2 0  9996
2 38281  82.5284 250.3185 0013706 176.1374 183.9907 14.06244731593278
1 31658U 99025CBQ 26180.51643792  .00003862  00000-0  21519-2 0  9991
2 31658  98.1417  13.1659 0213818 118.8735 243.4071 14.00515441725972
1 26498U 82055BP  26180.52728511  .00000932  00000-0  62978-3 0  9996
2 26498  65.8138 222.3857 0017019 161.2312 198.9397 14.05135121664044
1 41416U 00055KV  26180.54153587  .00005307  00000-0  16441-2 0  9994
2 41416  98.7771 296.6640 0027333  66.5057 293.9000 14.41381359536610
1 36941U 87011V   26180.54673904  .00001045  00000-0  35722-3 0  9997
2 36941  64.9994 124.0216 0019047 284.3851  75.5123 14.40740664345331
1 45507U 79095CP  26180.56725674  .00004542  00000-0  14972-2 0  9990
2 45507  81.1998 125.8149 0010427 339.7775  20.2996 14.37991960598935
1 67478U 26010C   26180.57179164  .00000023  00000-0  10159-3 0  9992
2 67478  44.9816  22.6279 0013885  45.6434 314.5534 14.00833067 23186
1 65013U 77121EA  26180.59037761  .00000086  00000-0  21374-3 0  9992
2 65013  65.9205 126.3626 0098850   4.8436 355.3551 13.59133193134839
1 42509U 70025RP  26180.59876779  .00000631  00000-0  92476-3 0  9990
2 42509 100.0579 313.6829 0125706 119.1521 242.2263 13.55639886621595
1 42651U 75052ML  26180.59899657  .00003087  00000-0  48636-2 0  9999
2 42651  99.3173 107.4629 0149284 167.0047 318.9385 13.46360307573010
1 T0108U          26180.61700834 -.00000072  00000-0 -24627-3 0  9990
2 T0108  90.0158 311.3608 0017393  54.1138 306.1599 13.06053230313947
1 T0157U          26180.62168469  .00000170  00000-0  14429-3 0  9993
2 T0157  65.8223 149.0661 0969563 147.4420 219.0380 12.76264917305958